6
175 110
0    505   738    634   929    822
505    0     689   764   493    778
738    689   0     799   737    610
634   764    799   0     594    530
929   493   737   594    0       755
822   778   610   530   755    0
8 24 
3 7
5 10
11 14
17 30
16 6
3
30
NP 0 38 1 270
EP 3 22 4 400 7
SP 8 24 4 450
SP 1 50 1 320
EP 12 9 2 200 6
NP 9 47 5 490
SP 12 11 3 370
EP 2 14 1 310 8
SP 6 33 2 360
SP 9 32 2 450
SP 3 28 3 180
NP 5 42 3 290
NP 8 31 3 140
EP 10 26 2 260 5
EP 6 18 5 520 9
SP 7 19 4 230
NP 12 35 1 410
EP 13 16 2 330 7
SP 7 21 5 350
NP 4 19 4 230
SP 9 32 2 450
SP 3 28 3 180
SP 3 28 3 180
NP 5 42 3 290
NP 8 31 3 140
EP 10 26 2 260 5
EP 6 18 5 520 9
NP 5 42 3 290
SP 8 31 3 140
EP 10 26 2 260 5
6
20 35 1
9 38 2
11 31 3
9 42 4
30 19 5
25 21 6

